34 8
0 0.05635763401461761 0.5546021253133612 1.481686590364527 2.2459126528597224 0.0 1.0182334691727894e-31 -1.6041388361688248e-16 2.383014733448346e-16
1 -0.10554639932413323 -1.3225765417454147 0.3100529007080644 1.3723326429497513 0.0 -8.48113607359887e-32 1.443724952551943e-16 7.149044200345028e-17
2 -0.6459728574385376 0.19856160416598317 -1.148232321391279 1.6954833931525095 0.030103425776648436 0.23417744385097636 0.2772381156315299 0.1904232184873638
3 -0.09590647923332957 0.06943127457946911 -0.2466508437612458 0.22153776994376986 0.0038292506550328355 -0.09009517894394911 0.6124901746282667 0.49720180741757064
4 0.0748996333376214 0.3073576843745739 0.11155935464501392 0.0327616930746659 0.0 0.0 0.0 0.0
5 0.07489963333762134 0.3073576843745738 0.11155935464501394 0.03276169307466608 0.0 0.0 0.0 0.0
6 -1.5838649800405075e-17 1.0140062914447844e-16 -7.478843199517729e-17 6.876749635381644e-17 0.06020685155329687 0.4683548877019527 0.55447623126306 0.3808464369747276
7 -2.6898029110280683e-17 -3.062535007220873e-17 1.05544510903296e-17 -4.525629405999018e-17 -0.3674912754646883 -0.33052634713884643 0.7328966872322146 0.9477346087855936
8 0.4180808475910737 -0.0038213136439668133 -0.4365873018725598 0.544025896726727 -0.0262741751216156 -0.32427262279492547 0.33525205899673655 0.30677858893020693
10 -2.812509070762135e-17 -3.778260407019376e-17 1.0379280332659649e-17 1.572936085768821e-17 0.06020685155329687 0.4683548877019527 0.55447623126306 0.3808464369747276
11 3.4641614710220944e-17 9.441829009405807e-17 -1.638638126445669e-17 8.418623837915791e-17 0.0 0.0 0.0 0.0
12 1.6351668151267597e-17 1.0269940076789665e-16 -7.902238522934956e-17 -1.0835339408537665e-16 -0.37132052611972116 -0.24043116819489735 0.12040651260394773 0.4505328013680229
13 -8.029647819482792e-18 -8.240962071471229e-17 1.6906737654354332e-17 1.6990011204613952e-17 -0.3674912754646883 -0.33052634713884643 0.7328966872322146 0.9477346087855936
17 -2.93167711556202e-17 -1.0275134928955528e-16 -1.1432699739815191e-17 3.898384366992645e-17 0.030103425776648436 0.23417744385097636 0.27723811563153 0.1904232184873638
19 1.506123426491168e-17 -3.8403769929169416e-17 1.1646441115186508e-17 -2.978665577089726e-17 0.030103425776648436 0.23417744385097636 0.27723811563153 0.1904232184873638
21 5.995512599212368e-18 4.320670408978806e-17 -4.183133547533428e-17 5.3271580408726486e-17 0.030103425776648436 0.23417744385097636 0.27723811563153 0.1904232184873638
31 -0.09590647923332953 0.06943127457946914 -0.24665084376124577 0.22153776994377003 0.11729087139484351 0.1708547354057798 -0.4563280565146342 0.2585064958241801
30 -0.09590647923332951 0.06943127457946918 -0.24665084376124577 0.22153776994376997 -0.2848394994448087 0.5521963423019808 0.3396306848702713 0.5246006494125436
9 4.0195891990085113e-19 2.2292897960460866e-18 -8.865899872272835e-19 4.84137497661137e-18 -0.0262741751216156 -0.32427262279492547 0.33525205899673655 0.30677858893020693
27 -1.7173538722323448e-17 4.978701167608371e-17 -2.4352683651345654e-17 5.296700141652131e-17 -0.0262741751216156 -0.32427262279492547 0.33525205899673655 0.30677858893020693
28 0.5139873268244032 -0.0732525882234361 -0.18993645811131396 0.32248812678295663 -0.0262741751216156 -0.32427262279492547 0.33525205899673655 0.30677858893020693
32 -1.8969787996652797e-17 4.3784185876017165e-17 -5.9650107949916e-17 3.316681727266344e-17 1.1418026693907624 -0.3379180003722698 0.30310747318003006 1.1906409603662897
16 1.262125143674628e-17 -3.121725191244014e-17 2.2480056800597745e-17 -3.7731699628337664e-17 0.14022211806687873 0.7279147905210229 0.5962239334613291 0.386401939794866
33 -3.645168240137705e-18 8.158073692825923e-17 -3.680492290083268e-17 2.0523342018308883e-17 -0.1795497395002571 0.1644339942043855 -1.3182142970155526 2.6128876749137366
14 -0.09590647923332965 0.06943127457946914 -0.24665084376124577 0.22153776994376997 0.0 0.0 0.0 0.0
15 -0.09590647923332951 0.06943127457946924 -0.24665084376124563 0.22153776994376986 0.0 0.0 0.0 0.0
18 -0.09590647923332951 0.06943127457946922 -0.24665084376124577 0.22153776994376986 0.0 0.0 0.0 0.0
20 -0.09590647923332951 0.06943127457946915 -0.24665084376124569 0.22153776994376986 0.0 0.0 0.0 0.0
22 -0.09590647923332955 0.06943127457946915 -0.24665084376124585 0.22153776994376992 0.0 0.0 0.0 0.0
23 0.3848252780889314 0.13775235524124665 -0.7686216075080143 0.7874815444081069 0.0 0.0 0.0 0.0
25 0.5139873268244032 -0.0732525882234361 -0.18993645811131402 0.3224881267829568 0.0 0.0 0.0 0.0
29 -0.09590647923332951 0.06943127457946924 -0.24665084376124574 0.22153776994376986 0.0 0.0 0.0 0.0
24 0.4807317573222609 0.06832108066177728 -0.5219707637467681 0.5659437744643376 0.0 0.0 0.0 0.0
26 0.5139873268244032 -0.07325258822343599 -0.18993645811131402 0.32248812678295696 0.0 0.0 0.0 0.0
